Apple, Angela
3404.81
4635.91
3846.94
37.03
3276.64
244.39
2989.04
4390.05
Apricot, Anthony
3680.49
3810.07
4679.95
1502.21
3992.08
4541.61
Avocado, Barbara
162.08
4075.88
1575.00
3886.20
753.17
2029.07
1145.46
Banana, Brenda
658.65
1519.03
Bilberry, Brian
2582.34
2214.37
4660.59
1766.02
4311.41
Blackberry, Charles
509.65
3578.36
4079.34
3335.67
559.49
1447.19
1933.46
2080.67
4706.80
Blackcurrant, Cheryl
4047.68
3621.16
1358.57
2214.45
540.58
363.60
2571.27
681.53
2890.74
Blueberry, Christine
1765.53
2943.97
101.72
3735.28
4275.31
Boysenberry, Christopher
728.27
1689.43
2686.81
Cantaloupe, Cynthia
846.21
3938.32
1803.36
4204.09
3218.55
4854.15
4400.15
1756.06
185.64
1785.41
Currant, Daniel
4168.41
372.96
535.46
4089.03
4999.37
562.49
4149.48
1481.00
Cherry, David
4912.21
228.96
Cherimoya, Deborah
680.23
2357.53
Cloudberry, Debra
265.75
2253.44
4879.39
1507.00
1712.65
Coconut, Denise
3342.73
4006.58
2808.18
2773.93
3763.51
112.64
631.07
Cranberry, Donald
4984.48
Damson, Donna
1589.57
1164.12
4202.88
3943.35
2062.92
Date, Douglas
160.72
3788.33
Dragonfruit, Edward
1728.74
2356.01
1209.70
505.95
Durian, Elizabeth
1146.18
4227.08
613.21
4670.92
4299.73
Elderberry, Eric
2876.31
3681.96
2737.11
4770.75
3789.02
2309.47
3601.84
991.56
Feijoa, Gary
4667.24
Fig, Gregory
434.69
234.97
2895.85
3608.31
Gojiberry, James
2374.21
4818.97
4900.08
1283.18
3497.32
3589.62
886.47
Gooseberry, Jeffrey
904.66
610.38
Grape, Jennifer
1501.93
1377.08
344.34
2017.33
4818.76
4334.43
2689.88
1797.65
2703.62
Raisin, John
377.85
940.24
2937.32
3441.88
4951.83
1341.44
Grapefruit, Joseph
4929.93
3058.93
4359.14
2064.40
444.44
1373.58
2686.37
4930.17
1034.18
Guava, Julie
1904.16
2779.07
Huckleberry, Karen
884.00
3616.66
1208.67
4754.10
1940.20
675.73
4508.24
2959.58
834.83
Jabouticaba, Kelly
3222.36
1376.81
4221.19
2264.72
207.08
2242.19
1118.44
4388.36
Jackfruit, Kenneth
75.91
4234.25
3260.38
3916.53
4294.42
245.85
989.42
1425.11
Jambul, Kevin
4993.41
2792.72
Jujube, Kimberly
983.71
303.74
69.57
590.69
2416.58
3201.36
3699.02
1199.31
4909.08
Juniperberry, Laura
290.02
645.41
3484.04
1894.36
4146.65
42.83
1252.64
2983.66
397.87
1811.34
Kiwifruit, Linda
3001.25
786.98
2062.63
371.94
3665.38
2787.17
3562.51
Kumquat, Lori
1362.54
4905.68
3852.59
Lemon, Mark
3328.95
1659.65
610.14
4886.23
3785.82
514.61
1286.32
3848.19
Lime, Mary
4938.54
1252.35
672.60
51.45
2913.83
740.56
1652.79
4291.85
2009.56
4139.01
Loquat, Michelle
4633.32
244.91
1972.69
212.62
1143.23
1420.98
Lychee, Nancy
1403.37
2123.38
190.86
2744.23
342.98
Mango, Pamela
3789.24
33.26
Marionberry, Patricia
3910.81
2473.16
2756.78
3629.02
501.91
1714.00
Melon, Paul
2048.72
4453.33
2677.95
4656.45
2106.34
4162.31
Cantaloupe, Richard
2059.20
4065.04
4176.32
2986.69
1120.19
4096.45
3161.63
4946.45
Honeydew, Robert
2496.87
3800.72
3416.50
4961.88
Watermelon, Ronald
1752.00
1764.52
4533.73
3300.75
1582.76
3196.76
4995.99
867.68
4901.82
4360.42
Miraclefruit, Sandra
4237.01
3186.48
1412.79
924.44
799.76
1213.43
2800.12
342.45
4056.71
Mulberry, Scott
1276.18
343.78
1441.58
908.87
2789.60
3730.63
Nectarine, Sharon
3832.42
63.00
Olive, Stephen
1604.32
3250.78
Orange, Steven
4971.21
768.63
1717.25
4788.44
2542.62
2106.22
4339.63
1465.11
BloodOrange, Susan
3713.59
4076.20
3973.59
2046.45
Clementine, Tammy
2675.70
4840.29
283.57
1890.12
1815.39
Mandarine, Teresa
4894.21
3003.04
479.04
1208.52
3956.58
4796.36
2777.74
Tangerine, Thomas
2699.97
1249.69
1612.89
2017.20
1615.45
3516.76
2576.69
4618.68
Papaya, Timothy
4525.40
1681.17
483.45
792.17
2075.69
Passionfruit, William
3736.07
226.85
2139.85
